368.5 55.5 753 639
114.5 409.5 155 145
247.0 168.0 148 182
261.5 408.5 115 143
440.0 332.0 138 190
1067.5 -0.5 177 245
284.5 43.5 101 115
595.5 66.5 101 155
231.0 99.5 102 89
1048.0 461.0 142 142
1027.5 400.0 83 114
514.0 131.0 96 92
594.5 190.5 109 145
340.5 101.5 131 107
476.0 64.5 112 121
1026.5 186.0 83 106
8.0 173.5 132 179
983.0 261.0 120 112
1150.0 390.0 134 194
37.5 -1.5 155 149
2.5 415.0 73 126
997.0 343.5 100 105
1146.0 226.5 104 129
158.5 133.0 105 140
1103.0 174.0 78 108
878.5 267.0 83 100
