226.5 420.0 145 140
27.5 431.5 169 121
412.0 51.0 684 624
340.0 183.5 154 169
328.5 112.5 99 95
358.5 416.0 113 146
1117.5 465.0 151 146
1093.0 402.0 100 122
385.5 63.5 93 119
102.5 189.0 137 158
524.5 341.5 115 187
1138.5 10.5 127 221
435.0 119.5 128 117
1047.5 272.5 121 107
570.0 88.0 86 118
1056.0 356.0 96 100
250.0 369.5 108 115
125.5 1.5 161 151
-4.0 411.0 74 136
157.0 302.0 94 140
1026.0 478.0 86 114
967.0 117.5 118 191
472.5 197.5 113 137
0.5 273.5 79 139
6.5 200.5 109 125
1111.0 203.0 74 112
1172.0 334.5 100 125
263.5 150.5 97 117
1208.5 430.0 67 108
