198.0 -3.0 830 716
866.5 125.5 169 169
1072.0 9.5 158 181
1066.5 186.0 149 160
694.0 73.0 158 214
134.0 282.5 178 189
869.0 263.0 156 154
1115.0 481.0 158 244
361.0 243.5 134 159
992.0 433.5 158 273
700.0 246.5 152 153
870.5 345.0 153 182
1039.0 275.0 158 152
52.0 89.5 148 289
201.5 -7.0 225 218
42.5 452.0 137 172
1.0 310.5 138 179
1193.5 255.5 89 189
165.5 411.0 111 146
821.0 -6.5 194 215
41.5 569.0 171 148
308.5 178.5 103 113
1207.0 419.0 70 126
1096.5 106.5 113 99
1227.5 35.0 57 176
295.0 371.5 86 75
