76.0 323.0 166 166
153.0 22.5 820 695
1001.5 522.5 235 201
1130.0 44.0 138 208
992.0 48.0 144 194
298.5 278.5 143 197
796.0 161.5 160 165
1105.0 284.0 172 230
956.0 314.5 170 165
984.5 217.0 145 158
937.5 456.5 119 227
754.5 -3.5 193 255
795.0 299.0 146 152
4.5 596.0 161 130
208.0 6.0 212 238
680.0 297.5 90 113
125.0 520.0 126 190
806.0 373.0 122 110
103.0 443.5 116 139
1011.5 145.0 119 116
4.5 471.5 113 195
1099.5 449.5 143 189
3.0 117.0 136 240
-4.5 321.5 81 165
230.0 402.5 102 171
483.0 3.0 198 74
88.0 -6.0 182 260
1215.0 513.5 66 211
221.5 208.0 127 220
