139.5 28.5 837 679
1025.5 90.0 167 226
209.5 315.0 157 180
1001.5 327.5 175 201
900.0 98.5 136 175
694.5 210.5 165 169
14.5 354.0 151 158
364.0 333.0 122 128
1197.0 87.5 80 181
143.5 24.0 219 266
1125.0 359.0 150 198
996.0 486.5 140 177
678.5 0.0 171 306
892.0 274.0 120 134
736.5 341.5 115 99
22.0 30.5 202 287
870.5 352.0 151 152
-3.0 629.5 146 87
58.0 548.5 132 163
162.0 449.0 116 186
895.0 185.5 148 163
1168.5 244.0 103 142
32.5 480.5 95 129
412.5 5.0 119 118
1122.5 501.5 151 187
165.5 247.0 117 204
