615.5 -3.0 205 306
103.0 305.0 146 150
371.5 85.0 379 636
89.5 179.0 169 162
243.0 325.5 142 157
995.0 519.5 120 135
-0.5 328.5 107 133
760.0 579.5 180 137
119.5 470.5 145 123
930.0 44.0 126 122
1060.5 113.0 113 124
924.5 170.0 107 122
140.5 48.5 147 155
787.0 48.0 112 108
266.5 460.5 123 113
1155.5 88.5 125 131
1157.5 345.5 117 125
1009.0 172.0 110 124
892.0 519.5 110 139
1103.0 46.0 114 104
17.5 470.0 121 198
232.5 -2.0 189 196
1069.0 610.0 108 96
7.0 254.5 108 133
24.0 103.0 114 100
857.5 188.5 91 101
903.5 351.5 109 107
1008.0 1.0 104 96
