123.0 92.5 366 653
1000.5 256.5 133 165
864.5 291.5 115 115
587.5 138.0 153 250
1132.5 282.0 131 124
289.0 9.0 120 124
175.0 12.0 128 122
1157.5 216.0 121 136
30.5 70.0 123 106
902.5 220.0 111 138
1105.0 479.5 122 127
397.5 536.5 143 175
788.5 71.0 125 120
1154.5 582.5 107 133
1052.0 62.0 106 134
445.0 20.0 108 154
69.5 295.5 111 97
1101.0 389.5 88 121
950.5 140.5 103 141
855.0 541.5 108 113
105.5 193.0 109 142
406.0 81.0 100 102
943.0 546.5 116 147
1167.0 7.0 106 134
1058.5 584.0 117 128
523.0 638.5 162 79
806.5 7.0 117 124
1207.0 436.5 70 149
1029.0 496.5 94 141
931.5 425.5 85 103
1033.0 1.0 122 124
914.5 2.5 109 135
794.5 589.5 103 129
566.5 546.5 97 145
944.0 648.5 146 73
1062.5 164.0 85 130
669.0 483.5 96 109
155.5 121.5 115 123
38.5 670.0 93 48
1219.5 580.5 57 135
677.0 675.0 86 44
481.0 628.5 100 85
664.0 556.5 100 127
1016.0 431.0 78 100
