58.5 253.0 151 146
1059.0 285.5 132 123
136.5 73.0 425 662
923.0 263.5 136 161
70.5 5.5 125 129
504.0 136.5 144 257
780.0 293.5 126 117
1072.5 202.0 137 168
174.0 2.0 132 132
1022.5 392.0 91 126
861.0 548.0 110 156
924.0 0.0 158 142
1123.0 432.5 98 151
973.0 56.0 108 144
823.5 221.0 111 146
325.0 11.0 118 100
955.0 510.5 90 163
1108.5 8.0 113 128
992.0 594.0 114 126
0.5 283.0 67 114
871.0 139.0 100 142
1032.5 487.5 121 143
1197.5 265.5 81 159
703.0 64.5 120 129
774.0 563.5 106 109
1171.0 537.5 92 109
838.0 1.0 118 140
459.0 572.5 106 145
718.5 1.5 121 129
1153.0 599.5 98 115
985.5 165.0 83 130
855.0 431.5 90 105
549.0 566.0 148 148
176.5 84.0 107 144
1210.5 392.5 67 191
713.5 620.0 99 96
1078.5 592.5 83 119
1198.0 142.5 80 131
0.5 64.5 55 121
