811.0 266.0 136 164
957.0 291.0 130 122
1087.0 271.0 162 148
819.5 0.0 155 138
986.0 223.5 116 135
209.0 7.5 126 179
155.5 75.5 123 117
-2.0 254.0 92 166
1087.5 128.0 157 164
734.0 570.5 148 141
1145.5 6.5 127 125
928.0 502.0 122 136
134.0 58.0 422 686
1101.0 441.5 144 155
866.0 55.5 112 133
669.0 296.5 114 133
737.5 62.5 119 107
1007.0 8.0 114 126
53.0 6.5 126 121
1076.5 548.0 89 98
655.0 567.0 114 124
595.0 -0.5 146 153
768.5 138.5 91 145
1140.5 598.0 117 116
982.0 607.0 80 104
539.0 628.5 158 91
712.5 225.0 115 142
1045.5 622.5 115 91
1105.0 403.0 76 96
1021.0 441.5 100 145
721.0 -1.0 112 136
899.5 616.0 103 102
847.0 522.0 92 150
883.5 172.5 85 123
596.5 71.5 119 117
2.0 7.5 72 173
925.0 423.0 88 112
1209.0 398.5 68 115
817.0 448.5 78 123
759.5 445.5 85 125
770.5 682.0 109 38
994.0 39.0 140 176
1208.0 541.5 66 115
