819.0 311.0 144 124
963.0 280.5 156 143
673.5 291.5 143 151
533.0 313.5 126 127
1119.0 298.5 144 163
830.0 214.0 148 160
58.0 13.0 132 178
954.5 137.5 169 155
679.5 -2.5 167 153
982.5 456.0 133 166
1020.5 15.5 139 163
796.0 522.0 128 132
575.0 237.5 116 151
1145.0 599.5 120 119
913.0 637.5 102 77
891.5 455.5 101 169
1000.0 626.5 108 87
709.5 543.0 95 162
1064.0 564.5 98 123
946.0 563.5 92 123
756.5 179.5 81 157
1125.5 133.5 151 159
587.0 5.5 124 169
762.5 633.5 105 81
235.0 153.5 140 211
473.0 4.5 116 125
13.5 85.0 119 118
844.5 630.5 101 83
781.5 421.5 101 129
1071.5 412.5 93 135
610.0 589.5 128 121
189.0 86.0 442 658
866.5 14.5 149 157
610.0 460.5 82 101
631.5 158.0 91 142
743.0 63.0 104 116
977.5 427.0 65 108
